Whole timed incomlete time series
1.000000




0.316228


2.447214
2.047723



1.632456

1.207107

2.274597




1.336660

0.894427

1.948683

2.500000




2.548809


2.095445


2.640175
1.683216




2.724745
1.764911




1.303840
1.841641



2.878405




2.414214

2.449138
1.983240



3.016575



2.549193



3.581139
2.612452



3.643168

1.673320



2.202939



2.732051


2.260682
2.288854

1.816590




2.343909
3.370829
3.897367

1.923538
3.949359

1.974842



4.000000




4.024846



4.049390
2.573644

3.597618
3.121320



3.144761



3.667948
2.690890

4.213594




2.736068
2.258318


3.780351


3.302173




3.823790




3.845208




4.366432


4.387467
4.408319

4.428992



2.949490

3.969818
2.989980

3.509980


4.529822



4.049510



4.069047



2.588436

3.107681



3.126785

3.645751




3.164583



4.183282


3.201851


4.220294
3.738613

3.256810
4.274887




4.792848
4.310694



4.828427

3.346050




2.863564


3.380972



3.898275




3.415476

2.932576




3.949576



3.966479



3.983287


4.500000
5.016621

4.033150




4.049590

3.065942
4.082207

3.598387



3.114482



4.130495



4.646427

Full time series after EMA
1.000000
1.000000
1.000000
1.000000
1.000000
0.772076
0.620127
0.518827
1.161622
1.456989
1.693283
1.835059
1.920124
1.805057
1.736016
1.524452
1.397514
1.748347
1.958847
2.085147
2.148297
2.190397
1.905818
1.716099
1.442208
1.259614
1.489304
1.642430
1.928287
2.118858
2.245905
2.330604
2.387069
2.440982
2.476924
2.500886
2.365739
2.275641
2.215576
2.357109
2.020162
1.851689
1.767453
1.725334
1.704275
2.214510
1.989711
1.877311
1.821111
1.793011
1.781771
1.590599
1.691016
1.751266
1.787416
1.809106
2.236825
2.493457
2.647436
2.739824
2.786017
2.662083
2.579460
2.536019
2.351759
2.228919
2.147026
2.092431
2.400479
2.605844
2.770137
2.868712
2.740905
2.664220
2.618209
2.590603
2.986817
2.837071
2.747223
2.693315
2.660969
3.053849
3.289576
2.643074
2.255172
2.022431
1.882787
2.010848
2.087684
2.133786
2.156837
2.348575
2.476400
2.561617
2.461305
2.403822
2.365499
2.182530
2.060550
1.979230
1.938570
1.908075
2.017034
2.355482
2.740953
3.030057
2.753427
3.052410
3.276647
2.951196
2.463019
2.218930
2.096886
3.048443
3.524222
3.762111
3.881055
3.940528
3.982687
4.003766
4.009789
4.014091
4.024176
3.609739
3.313712
3.394828
3.316683
3.260865
3.220995
3.192517
3.173414
3.161953
3.155076
3.150950
3.357749
3.091006
2.930960
3.444013
3.751846
3.936545
4.028895
4.090461
3.638997
3.178771
2.871953
2.667408
3.038389
3.285710
3.450590
3.401118
3.351645
3.326909
3.314541
3.308357
3.566073
3.694932
3.759361
3.791575
3.807683
3.826445
3.832699
3.836869
3.839649
3.841502
4.016478
4.133130
4.210897
4.269754
4.315942
4.346734
4.374153
4.392433
4.404619
4.412743
3.924992
3.599825
3.723156
3.478764
3.315836
3.380551
3.432322
3.463385
3.889960
4.145905
4.299472
4.391612
4.254771
4.172667
4.123404
4.093846
4.083926
4.077974
4.074403
4.072261
3.478731
3.122613
3.116640
3.113056
3.110906
3.109616
3.118201
3.122493
3.384122
3.514937
3.580344
3.613048
3.629399
3.396991
3.280787
3.222685
3.206084
3.485283
3.684711
3.827160
3.648500
3.520886
3.429733
3.655608
3.679324
3.696263
3.520482
3.822244
4.003301
4.111936
4.177116
4.216225
4.446874
4.392402
4.359719
4.340109
4.328343
4.528377
4.648397
4.127458
3.814895
3.627357
3.514834
3.447320
3.213818
3.073716
2.989656
3.146182
3.240098
3.296448
3.330257
3.557465
3.693789
3.775583
3.824660
3.854106
3.634791
3.525134
3.228855
3.080715
3.006645
2.969611
2.951093
3.450335
3.699955
3.824766
3.866369
3.899739
3.921986
3.936817
3.946705
3.958899
3.967028
3.972448
4.148298
4.437739
4.630700
4.431516
4.298728
4.210202
4.151185
4.111840
4.091090
4.077257
3.740152
3.854170
3.945385
3.806586
3.723306
3.673338
3.643358
3.431808
3.304877
3.228719
3.183025
3.562013
3.846254
3.988375
4.059435
4.352931

Zero phase time series after second EMA
0.988851
0.983277
0.974916
0.962374
0.943560
0.915341
0.986973
1.170396
1.496181
1.663460
1.766695
1.815637
1.802690
1.724401
1.670630
1.627039
1.695430
1.894040
1.991168
2.012716
1.964428
1.872494
1.713543
1.617405
1.568059
1.630984
1.816669
1.980351
2.149312
2.259824
2.330308
2.372509
2.393461
2.396657
2.374495
2.323280
2.234478
2.168847
2.115450
2.065387
1.919526
1.818889
1.786090
1.804727
1.884119
2.063963
1.913415
1.837120
1.796929
1.772746
1.752482
1.732956
1.827861
1.919091
2.030974
2.193346
2.449507
2.591294
2.656519
2.662574
2.611075
2.523603
2.454363
2.391815
2.319713
2.303690
2.341076
2.438101
2.610936
2.716164
2.771324
2.772116
2.707718
2.685594
2.699843
2.754266
2.863374
2.781079
2.743751
2.741435
2.773516
2.848547
2.711680
2.326415
2.115309
2.022067
2.021825
2.114517
2.183630
2.247593
2.323465
2.406779
2.435882
2.415622
2.342625
2.283285
2.223017
2.151776
2.136399
2.174323
2.271870
2.382970
2.541268
2.716013
2.836190
2.867935
2.813894
2.834050
2.761264
2.589469
2.468894
2.474768
2.730606
3.364326
3.680210
3.836198
3.910285
3.939515
3.938502
3.894318
3.784870
3.694902
3.567227
3.384447
3.294331
3.286578
3.243279
3.213917
3.195138
3.184796
3.181707
3.187236
3.204091
3.236767
3.293978
3.251464
3.358437
3.643421
3.776360
3.792703
3.696808
3.530765
3.250916
3.056876
2.995929
3.057917
3.253171
3.360563
3.397989
3.371689
3.356974
3.362304
3.397698
3.480856
3.653354
3.740635
3.786339
3.813317
3.835058
3.862433
3.898420
3.931281
3.978487
4.047906
4.151108
4.218423
4.261069
4.286155
4.294356
4.283562
4.251976
4.190887
4.090115
3.932863
3.692922
3.576887
3.565419
3.486550
3.490444
3.577748
3.676346
3.839029
4.089458
4.222457
4.273491
4.256170
4.165876
4.106613
4.062577
4.022025
3.974144
3.900956
3.782944
3.588639
3.266224
3.124553
3.125846
3.131983
3.144601
3.167065
3.205364
3.292526
3.462560
3.540998
3.567060
3.553775
3.494502
3.359605
3.322219
3.363652
3.504620
3.624034
3.679534
3.677463
3.617584
3.605218
3.638950
3.722637
3.749449
3.777499
3.809993
4.003001
4.123505
4.203641
4.264777
4.323218
4.394546
4.359661
4.337833
4.323243
4.311999
4.301104
4.149588
3.817050
3.610111
3.473588
3.371075
3.275236
3.160513
3.124977
3.159151
3.272147
3.356124
3.433475
3.524826
3.654538
3.719253
3.736230
3.709994
3.633550
3.486512
3.338233
3.151333
3.073811
3.066908
3.127170
3.284730
3.618366
3.786397
3.872839
3.920912
3.948184
3.972406
3.997615
4.028015
4.068670
4.123555
4.201818
4.316504
4.400607
4.382040
4.257710
4.170807
4.106847
4.055170
4.007163
3.954824
3.886692
3.791409
3.817038
3.798471
3.700529
3.629825
3.567504
3.496948
3.399342
3.377698
3.426245
3.557929
3.807865
3.971766
4.097279
4.206183
4.352931

Full time series after linear interpolation
1.000000
0.863246
0.726491
0.589737
0.452982
0.316228
1.026556
1.736885
2.447214
2.047723
1.943906
1.840089
1.736272
1.632456
1.419781
1.207107
1.740852
2.274597
2.087009
1.899422
1.711835
1.524247
1.336660
1.115544
0.894427
1.421555
1.948683
2.224342
2.500000
2.509762
2.519524
2.529285
2.539047
2.548809
2.397688
2.246566
2.095445
2.277022
2.458599
2.640175
1.683216
1.891522
2.099828
2.308133
2.516439
2.724745
1.764911
1.672697
1.580483
1.488269
1.396055
1.303840
1.841641
2.100832
2.360023
2.619214
2.878405
2.785567
2.692728
2.599890
2.507052
2.414214
2.431676
2.449138
1.983240
2.241574
2.499907
2.758241
3.016575
2.899730
2.782884
2.666039
2.549193
2.807180
3.065166
3.323152
3.581139
2.612452
2.870131
3.127810
3.385489
3.643168
2.658244
1.673320
1.805725
1.938129
2.070534
2.202939
2.335217
2.467495
2.599773
2.732051
2.574928
2.417805
2.260682
2.288854
2.052722
1.816590
1.922054
2.027518
2.132981
2.238445
2.343909
3.370829
3.897367
2.910453
1.923538
3.949359
2.962100
1.974842
2.481131
2.987421
3.493710
4.000000
4.004969
4.009938
4.014907
4.019877
4.024846
4.030982
4.037118
4.043254
4.049390
2.573644
3.085631
3.597618
3.121320
3.127181
3.133041
3.138901
3.144761
3.275558
3.406355
3.537152
3.667948
2.690890
3.452242
4.213594
3.918089
3.622584
3.327079
3.031573
2.736068
2.258318
2.765662
3.273007
3.780351
3.620958
3.461566
3.302173
3.406496
3.510820
3.615143
3.719467
3.823790
3.828074
3.832357
3.836641
3.840924
3.845208
3.949453
4.053697
4.157942
4.262187
4.366432
4.373444
4.380455
4.387467
4.408319
4.418655
4.428992
4.059116
3.689241
3.319365
2.949490
3.459654
3.969818
2.989980
3.249980
3.509980
3.849927
4.189875
4.529822
4.409744
4.289666
4.169588
4.049510
4.054394
4.059278
4.064162
4.069047
3.698894
3.328741
2.958588
2.588436
2.848058
3.107681
3.112457
3.117233
3.122009
3.126785
3.386268
3.645751
3.549518
3.453284
3.357050
3.260816
3.164583
3.419257
3.673932
3.928607
4.183282
3.856138
3.528995
3.201851
3.541332
3.880813
4.220294
3.738613
3.497711
3.256810
4.274887
4.378480
4.482072
4.585664
4.689256
4.792848
4.310694
4.440127
4.569560
4.698994
4.828427
4.087239
3.346050
3.249553
3.153056
3.056558
2.960061
2.863564
3.036033
3.208503
3.380972
3.510298
3.639624
3.768950
3.898275
3.801715
3.705156
3.608596
3.512036
3.415476
3.174026
2.932576
3.135976
3.339376
3.542776
3.746176
3.949576
3.953802
3.958028
3.962254
3.966479
3.970681
3.974883
3.979085
3.983287
4.155525
4.327762
4.500000
5.016621
4.524885
4.033150
4.036438
4.039726
4.043014
4.046302
4.049590
3.557766
3.065942
4.082207
3.840297
3.598387
3.477411
3.356434
3.235458
3.114482
3.368486
3.622489
3.876492
4.130495
4.259478
4.388461
4.517444
4.646427

Downsampled EMA time series
0.988851
0.915341
1.766695
1.627039
1.964428
1.630984
2.330308
2.323280
1.919526
2.063963
1.752482
2.193346
2.611075
2.303690
2.771324
2.754266
2.773516
2.022067
2.323465
2.283285
2.271870
2.867935
2.468894
3.836198
3.784870
3.286578
3.181707
3.251464
3.696808
3.057917
3.356974
3.740635
3.898420
4.218423
4.251976
3.576887
3.676346
4.256170
3.974144
3.124553
3.205364
3.553775
3.504620
3.605218
3.809993
4.323218
4.311999
3.473588
3.159151
3.654538
3.486512
3.127170
3.920912
4.068670
4.382040
4.007163
3.798471
3.399342
3.971766
4.352931

Downsampled linear interpolated time series
1.000000
0.452982
2.047723
1.419781
1.899422
0.894427
2.509762
2.397688
2.640175
2.516439
1.488269
2.360023
2.599890
1.983240
2.899730
3.065166
3.127810
1.805725
2.467495
2.260682
2.027518
3.897367
1.974842
4.004969
4.030982
3.085631
3.138901
3.667948
3.622584
2.765662
3.302173
3.823790
3.845208
4.366432
4.418655
2.949490
3.509980
4.289666
4.064162
2.588436
3.122009
3.453284
3.673932
3.201851
3.497711
4.585664
4.569560
3.249553
3.036033
3.768950
3.512036
3.339376
3.958028
3.979085
5.016621
4.043014
4.082207
3.235458
4.130495
4.646427
